1:  0.253105976425110   0.028962348777521   0.368045923866173   0.262222260106430
2:  0.028382932780035   0.358720516938241
3:  0.193783816574233   0.020634072167529   0.475250962583289   0.535157540468906   0.703655164796436   0.554400494044480   0.965621747833013
4:  0.101378146925353   0.156337320012573   0.009744589883307
5:  0.210322780250050   0.053115505967058   0.193857526860946
6:  0.043845828493743   0.135898284836213   0.238003109733879
7:  0.445400141768963   0.035198808800665   0.680973362493086
8:  0.072321618556298
10: 0.015755159141836   0.117850885566615
11:
15: 0.166735624192788



